Vaccum cleaner at:  (0, 0)
The room currently: 
[[0.62 0.48 0.5  0.86 0.78]
 [0.47 0.46 0.65 0.07 0.83]
 [0.89 0.86 0.8  0.8  0.56]
 [0.36 0.3  0.41 0.8  0.33]
 [0.82 0.76 0.92 0.92 0.96]]
Vaccum cleaner at:  (0, 1)
The room currently: 
[[0.   0.48 0.5  0.86 0.78]
 [0.47 0.46 0.65 0.07 0.83]
 [0.89 0.86 0.8  0.8  0.56]
 [0.36 0.3  0.41 0.8  0.33]
 [0.82 0.76 0.92 0.92 0.96]]
Vaccum cleaner at:  (0, 2)
The room currently: 
[[0.   0.   0.5  0.86 0.78]
 [0.47 0.46 0.65 0.07 0.83]
 [0.89 0.86 0.8  0.8  0.56]
 [0.36 0.3  0.41 0.8  0.33]
 [0.82 0.76 0.92 0.92 0.96]]
Vaccum cleaner at:  (0, 3)
The room currently: 
[[0.   0.   0.   0.86 0.78]
 [0.47 0.46 0.65 0.07 0.83]
 [0.89 0.86 0.8  0.8  0.56]
 [0.36 0.3  0.41 0.8  0.33]
 [0.82 0.76 0.92 0.92 0.96]]
Vaccum cleaner at:  (0, 4)
The room currently: 
[[0.   0.   0.   0.   0.  ]
 [0.47 0.46 0.65 0.07 0.83]
 [0.89 0.86 0.8  0.8  0.56]
 [0.36 0.3  0.41 0.8  0.33]
 [0.82 0.76 0.92 0.92 0.96]]
Vaccum cleaner at:  (1, 4)
The room currently: 
[[0.   0.   0.   0.   0.  ]
 [0.47 0.46 0.65 0.07 0.83]
 [0.89 0.86 0.8  0.8  0.56]
 [0.36 0.3  0.41 0.8  0.33]
 [0.82 0.76 0.92 0.92 0.96]]
Vaccum cleaner at:  (1, 3)
The room currently: 
[[0.   0.   0.   0.   0.  ]
 [0.47 0.46 0.65 0.07 0.  ]
 [0.89 0.86 0.8  0.8  0.56]
 [0.36 0.3  0.41 0.8  0.33]
 [0.82 0.76 0.92 0.92 0.96]]
Vaccum cleaner at:  (1, 2)
The room currently: 
[[0.   0.   0.   0.   0.  ]
 [0.47 0.46 0.65 0.   0.  ]
 [0.89 0.86 0.8  0.8  0.56]
 [0.36 0.3  0.41 0.8  0.33]
 [0.82 0.76 0.92 0.92 0.96]]
Vaccum cleaner at:  (1, 1)
The room currently: 
[[0.   0.   0.   0.   0.  ]
 [0.47 0.46 0.   0.   0.  ]
 [0.89 0.86 0.8  0.8  0.56]
 [0.36 0.3  0.41 0.8  0.33]
 [0.82 0.76 0.92 0.92 0.96]]
Vaccum cleaner at:  (1, 0)
The room currently: 
[[0.   0.   0.   0.   0.  ]
 [0.   0.   0.   0.   0.  ]
 [0.89 0.86 0.8  0.8  0.56]
 [0.36 0.3  0.41 0.8  0.33]
 [0.82 0.76 0.92 0.92 0.96]]
Vaccum cleaner at:  (2, 0)
The room currently: 
[[0.   0.   0.   0.   0.  ]
 [0.   0.   0.   0.   0.  ]
 [0.89 0.86 0.8  0.8  0.56]
 [0.36 0.3  0.41 0.8  0.33]
 [0.82 0.76 0.92 0.92 0.96]]
Vaccum cleaner at:  (2, 1)
The room currently: 
[[0.   0.   0.   0.   0.  ]
 [0.   0.   0.   0.   0.  ]
 [0.   0.86 0.8  0.8  0.56]
 [0.36 0.3  0.41 0.8  0.33]
 [0.82 0.76 0.92 0.92 0.96]]
Vaccum cleaner at:  (2, 2)
The room currently: 
[[0.   0.   0.   0.   0.  ]
 [0.   0.   0.   0.   0.  ]
 [0.   0.   0.8  0.8  0.56]
 [0.36 0.3  0.41 0.8  0.33]
 [0.82 0.76 0.92 0.92 0.96]]
Vaccum cleaner at:  (2, 3)
The room currently: 
[[0.   0.   0.   0.   0.  ]
 [0.   0.   0.   0.   0.  ]
 [0.   0.   0.   0.8  0.56]
 [0.36 0.3  0.41 0.8  0.33]
 [0.82 0.76 0.92 0.92 0.96]]
Vaccum cleaner at:  (2, 4)
The room currently: 
[[0.   0.   0.   0.   0.  ]
 [0.   0.   0.   0.   0.  ]
 [0.   0.   0.   0.   0.  ]
 [0.36 0.3  0.41 0.8  0.33]
 [0.82 0.76 0.92 0.92 0.96]]
Vaccum cleaner at:  (3, 4)
The room currently: 
[[0.   0.   0.   0.   0.  ]
 [0.   0.   0.   0.   0.  ]
 [0.   0.   0.   0.   0.  ]
 [0.36 0.3  0.41 0.8  0.33]
 [0.82 0.76 0.92 0.92 0.96]]
Vaccum cleaner at:  (3, 3)
The room currently: 
[[0.   0.   0.   0.   0.  ]
 [0.   0.   0.   0.   0.  ]
 [0.   0.   0.   0.   0.  ]
 [0.36 0.3  0.41 0.8  0.  ]
 [0.82 0.76 0.92 0.92 0.96]]
Vaccum cleaner at:  (3, 2)
The room currently: 
[[0.   0.   0.   0.   0.  ]
 [0.   0.   0.   0.   0.  ]
 [0.   0.   0.   0.   0.  ]
 [0.36 0.3  0.41 0.   0.  ]
 [0.82 0.76 0.92 0.92 0.96]]
Vaccum cleaner at:  (3, 1)
The room currently: 
[[0.   0.   0.   0.   0.  ]
 [0.   0.   0.   0.   0.  ]
 [0.   0.   0.   0.   0.  ]
 [0.36 0.3  0.   0.   0.  ]
 [0.82 0.76 0.92 0.92 0.96]]
Vaccum cleaner at:  (3, 0)
The room currently: 
[[0.   0.   0.   0.   0.  ]
 [0.   0.   0.   0.   0.  ]
 [0.   0.   0.   0.   0.  ]
 [0.   0.   0.   0.   0.  ]
 [0.82 0.76 0.92 0.92 0.96]]
Vaccum cleaner at:  (4, 0)
The room currently: 
[[0.   0.   0.   0.   0.  ]
 [0.   0.   0.   0.   0.  ]
 [0.   0.   0.   0.   0.  ]
 [0.   0.   0.   0.   0.  ]
 [0.82 0.76 0.92 0.92 0.96]]
Vaccum cleaner at:  (4, 1)
The room currently: 
[[0.   0.   0.   0.   0.  ]
 [0.   0.   0.   0.   0.  ]
 [0.   0.   0.   0.   0.  ]
 [0.   0.   0.   0.   0.  ]
 [0.   0.76 0.92 0.92 0.96]]
Vaccum cleaner at:  (4, 2)
The room currently: 
[[0.   0.   0.   0.   0.  ]
 [0.   0.   0.   0.   0.  ]
 [0.   0.   0.   0.   0.  ]
 [0.   0.   0.   0.   0.  ]
 [0.   0.   0.92 0.92 0.96]]
Vaccum cleaner at:  (4, 3)
The room currently: 
[[0.   0.   0.   0.   0.  ]
 [0.   0.   0.   0.   0.  ]
 [0.   0.   0.   0.   0.  ]
 [0.   0.   0.   0.   0.  ]
 [0.   0.   0.   0.92 0.96]]
Vaccum cleaner at:  (4, 4)
The room currently: 
[[0. 0. 0. 0. 0.]
 [0. 0. 0. 0. 0.]
 [0. 0. 0. 0. 0.]
 [0. 0. 0. 0. 0.]
 [0. 0. 0. 0. 0.]]
